1631721
1034533
619107
615506
230516
175074
138782
134564
121164
107274
103472
96833
89882
79330
73305
63367
57183
54141
47641
45213
34357
34293
31288
27816
26585
24995
24698
24432
22076
20622
19813
19534
17794
17638
15934
15312
13545
12778
12080
11977
11632
11556
10376
9888
9376
8539
7148
6858
6463
6458
6334
6306
5379
5280
5255
4834
4766
4517
4377
3664
3238
2595
2469
2302
2266
1616
1566
1475
1270
1150
962
949
941
930
911
907
858
754
687
640
638
585
583
510
493
468
451
449
438
434
434
402
363
341
328
327
311
236
217
197
158
133
124
87
78
66
64
61
56
46
41
40
38
37
35
34
32
29
15
15
14
14
13
13
13
12
9
9
8
8
7
6
6
5
5
4
4
4
3
3
3
3
3
3
3
3
2
2
2
2
2
2
2
2
2
2
2
2
1
1
1
1
1
1
1
1
1
1
1
1
