false
true
1
131071
1000
1
10
0

1
0
10
0
100
0
1000
0
10000
0
100000
0


8388607
10000
9
1
0
10
0
100
0
1000
0
10000
0
100000
0
1000000
0
2000000
0
5000000
0





#################################################
#Column 5 of Crime dataset
#################################################

false
true
1
6123275
10000
6
704368
0
66666
0
44471
0
13546
0
6257
0
136
0


indexes:
7
11
13
18
22
26



#################################################
#Column 7 of Crime dataset
#################################################

false
true
1
6123275
10000
6
615506
0
63367
0
22076
0
5280
0
1475
0
217
0


indexes:
8
15
28
53
67
98


#################################################
#Random Dataset
#################################################
false
true
1
8388607
10000
9
1
0
10
0
100
0
1000
0
10000
0
100000
0
1000000
0
2000000
0
5000000
0

